Estado,Total population,Total populationMale,Total populationFemale,Total populationSex ratio (males per 100 females),Total populationMedian age (years),Total populationUnder 18 years,Total population16 years and over,Total population18 years and over,Total population21 years and over
Alabama,5039877.0,2445896.0,2593981.0,94.3,39.8,1119942.0,4046627.0,3919935.0,3699142.0
Alaska,732673.0,383121.0,349552.0,109.6,35.6,179401.0,571832.0,553272.0,521655.0
Arizona,7276316.0,3629620.0,3646696.0,99.5,38.6,1614284.0,5852913.0,5662032.0,5372612.0
Arkansas,3025891.0,1493681.0,1532210.0,97.5,38.5,703793.0,2405035.0,2322098.0,2194015.0
California,39237836.0,19618934.0,19618902.0,100.0,37.6,8769779.0,31507237.0,30468057.0,28918596.0
Colorado,5812069.0,2943037.0,2869032.0,102.6,37.6,1241947.0,4720626.0,4570122.0,4346563.0
Connecticut,3605597.0,1768045.0,1837552.0,96.2,41.1,727239.0,2971314.0,2878358.0,2721498.0
Delaware,1003384.0,485908.0,517476.0,93.9,41.6,208517.0,819868.0,794867.0,754148.0
District of Columbia,670050.0,319025.0,351025.0,90.9,34.8,125729.0,553437.0,544321.0,515012.0
Florida,21781128.0,10714520.0,11066608.0,96.8,42.8,4287823.0,18010659.0,17493305.0,16753101.0
Georgia,10799566.0,5270144.0,5529422.0,95.3,37.5,2522124.0,8575918.0,8277442.0,7812956.0
Hawaii,1441553.0,725604.0,715949.0,101.3,40.2,304201.0,1166220.0,1137352.0,1091307.0
Idaho,1900923.0,954313.0,946610.0,100.8,37.3,469986.0,1484932.0,1430937.0,1354704.0
Illinois,12671469.0,6264364.0,6407105.0,97.8,39.0,2800177.0,10203044.0,9871292.0,9374318.0
Indiana,6805985.0,3374931.0,3431054.0,98.4,38.2,1585398.0,5401077.0,5220587.0,4933998.0
Iowa,3193079.0,1603267.0,1589812.0,100.8,38.5,736984.0,2543525.0,2456095.0,2309493.0
Kansas,2934582.0,1474610.0,1459972.0,101.0,37.3,702206.0,2315379.0,2232376.0,2104009.0
Kentucky,4509394.0,2229328.0,2280066.0,97.8,39.1,1015455.0,3612858.0,3493939.0,3307289.0
Louisiana,4624047.0,2260866.0,2363181.0,95.7,38.0,1082043.0,3663069.0,3542004.0,3354571.0
Maine,1372247.0,673483.0,698764.0,96.4,44.7,249675.0,1155699.0,1122572.0,1073239.0
Maryland,6165129.0,3003091.0,3162038.0,95.0,39.3,1360097.0,4964751.0,4805032.0,4579503.0
Massachusetts,6984723.0,3408252.0,3576471.0,95.3,39.9,1361940.0,5790261.0,5622783.0,5308211.0
Michigan,10050811.0,4976869.0,5073942.0,98.1,40.2,2151937.0,8156411.0,7898874.0,7491294.0
Minnesota,5707390.0,2860668.0,2846722.0,100.5,38.8,1308981.0,4554126.0,4398409.0,4179313.0
Mississippi,2949965.0,1435423.0,1514542.0,94.8,38.6,691885.0,2340485.0,2258080.0,2126566.0
Missouri,6168187.0,3045181.0,3123006.0,97.5,39.2,1383537.0,4949628.0,4784650.0,4536481.0
Montana,1104271.0,560911.0,543360.0,103.2,40.1,234847.0,895986.0,869424.0,827777.0
Nebraska,1963692.0,986019.0,977673.0,100.9,37.2,482202.0,1534896.0,1481490.0,1401882.0
Nevada,3143991.0,1585207.0,1558784.0,101.7,38.7,697619.0,2526328.0,2446372.0,2339377.0
New Hampshire,1388992.0,693234.0,695758.0,99.6,43.1,256254.0,1164253.0,1132738.0,1075694.0
New Jersey,9267130.0,4563560.0,4703570.0,97.0,40.3,2020876.0,7489289.0,7246254.0,6920044.0
New Mexico,2115877.0,1052355.0,1063522.0,98.9,39.1,471808.0,1700082.0,1644069.0,1558126.0
New York,19835913.0,9696573.0,10139340.0,95.6,39.8,4103566.0,16210453.0,15732347.0,14973928.0
North Carolina,10551162.0,5149323.0,5401839.0,95.3,39.4,2299746.0,8524268.0,8251416.0,7802457.0
North Dakota,774948.0,399544.0,375404.0,106.4,35.8,182589.0,610714.0,592359.0,555602.0
Ohio,11780017.0,5808575.0,5971442.0,97.3,39.6,2603410.0,9480334.0,9176607.0,8700622.0
Oklahoma,3986639.0,1984707.0,2001932.0,99.1,37.2,957938.0,3140799.0,3028701.0,2854120.0
Oregon,4246155.0,2121532.0,2124623.0,99.9,40.1,858666.0,3487919.0,3387489.0,3233564.0
Pennsylvania,12964056.0,6399632.0,6564424.0,97.5,40.9,2674227.0,10602171.0,10289829.0,9775539.0
Rhode Island,1095610.0,536589.0,559021.0,96.0,40.6,208321.0,913136.0,887289.0,832043.0
South Carolina,5190705.0,2521689.0,2669016.0,94.5,40.2,1115996.0,4207365.0,4074709.0,3852732.0
South Dakota,895376.0,451950.0,443426.0,101.9,37.6,220621.0,699893.0,674755.0,637381.0
Tennessee,6975218.0,3413181.0,3562037.0,95.8,39.2,1537615.0,5616708.0,5437603.0,5158274.0
Texas,29527941.0,14739011.0,14788930.0,99.7,35.5,7456547.0,22934023.0,22071394.0,20833448.0
Utah,3337975.0,1694770.0,1643205.0,103.1,31.8,945457.0,2507029.0,2392518.0,2234764.0
Vermont,645570.0,320293.0,325277.0,98.5,42.9,116767.0,542827.0,528803.0,497878.0
Virginia,8642274.0,4273931.0,4368343.0,97.8,38.8,1881818.0,6980718.0,6760456.0,6397867.0
Washington,7738692.0,3897320.0,3841372.0,101.5,38.2,1675782.0,6250868.0,6062910.0,5786705.0
West Virginia,1782959.0,887360.0,895599.0,99.1,42.8,361392.0,1465755.0,1421567.0,1352112.0
Wisconsin,5895908.0,2955249.0,2940659.0,100.5,40.1,1274605.0,4773326.0,4621303.0,4382920.0
Wyoming,578803.0,296007.0,282796.0,104.7,39.0,131529.0,461622.0,447274.0,425155.0
Puerto Rico,3263584.0,1543991.0,1719593.0,89.8,44.1,545788.0,2794959.0,2717796.0,2574430.0
